AL0908 IKE       090106 2008 17.2  37.0  30 1006 -99 -99  -99 -99   0  0  0  0   0  0  0  0   0  0  0  0 *  2100.
AL0908 IKE       090112 2008 17.3  38.4  35 1005 -99 -99  -99 -99 120 75  0 60   0  0  0  0   0  0  0  0 *  2036.
AL0908 IKE       090118 2008 17.5  39.9  45 1003  90 -99 1011 250 130 110  0 75   0  0  0  0   0  0  0  0 *  1946.
AL0908 IKE       090200 2008 17.8  41.3  45 1002  20 -99 1011 250 140 120  0 90   0  0  0  0   0  0  0  0 *  1879.
AL0908 IKE       090206 2008 18.2  42.8  45 1000  20 -99 1011 275 145 120  0 120   0  0  0  0   0  0  0  0 *  1811.
AL0908 IKE       090212 2008 18.7  44.3  50  999  90 -99 1011 250 150 120  0 120  90  0  0  0   0  0  0  0 *  1766.
AL0908 IKE       090218 2008 19.3  45.8  55  996  90 -99 1011 250 150 120 45 120  90  0  0  0   0  0  0  0 *  1747.
AL0908 IKE       090300 2008 19.8  47.3  55  994  90 -99 1011 250 150 115 45 120  75  0  0 30   0  0  0  0 *  1727.
AL0908 IKE       090306 2008 20.2  48.8  55  992  50 -99 1011 200 145 110 45 120  75  0  0 30   0  0  0  0 *  1673.
AL0908 IKE       090312 2008 20.6  50.3  60  989  45 -99 1011 200 135 105 50 120  75  0  0 40   0  0  0  0 *  1580.
AL0908 IKE       090318 2008 21.1  51.9  75  979  30 -99 1011 200 130 100 60 120  75 50 30 50  30  0  0  0 *  1477.
AL0908 IKE       090400 2008 21.8  53.5 105  956  20  20 1008 185 120 100 75 120  75 50 40 50  30 25 20 25 *  1332.
AL0908 IKE       090406 2008 22.4  55.0 125  935  15 -99 1008 175 115 100 90 120  75 50 40 60  30 25 20 25 *  1204.
AL0908 IKE       090412 2008 23.0  56.4 120  937  15  15 1009 180 110 95 90 90  60 55 40 50  40 30 25 30 *  1099.
AL0908 IKE       090418 2008 23.4  57.7 115  940  15  15 1010 180 105 95 90 85  60 55 40 50  40 30 25 30 *  1006.
AL0908 IKE       090500 2008 23.6  59.0 115  944  15  20 1010 180 105 95 90 80  50 50 40 50  40 30 25 30 *   911.
AL0908 IKE       090506 2008 23.6  60.4 115  949  15  15 1010 180 105 90 90 85  50 50 45 50  40 30 30 30 *   806.
AL0908 IKE       090512 2008 23.5  61.9 105  954  15  15 1012 180 105 90 90 90  50 50 45 50  40 30 30 30 *   700.
AL0908 IKE       090518 2008 23.2  63.4 100  959  15  15 1013 180 105 90 90 105  50 50 45 50  40 35 30 35 *   588.
AL0908 IKE       090600 2008 22.8  64.9 100  962  15 -99 1013 200 105 90 90 110  50 50 45 50  40 35 30 35 *   491.
AL0908 IKE       090606 2008 22.4  66.3 100  964  15  25 1013 200 105 90 90 115  60 50 45 50  40 35 30 35 *   433.
AL0908 IKE       090612 2008 21.9  67.7  95  965  15 -99 1013 200 110 90 90 120  60 60 45 50  40 35 30 35 *   328.
AL0908 IKE       090618 2008 21.5  69.0 115  950  15  25 1013 175 115 95 100 125  60 70 45 60  40 35 30 35 *   221.
AL0908 IKE       090700 2008 21.2  70.3 115  947  15  25 1013 175 120 100 100 125  75 75 50 60  40 40 30 35 *   162.
AL0908 IKE       090706 2008 21.1  71.6 115  947  15  25 1012 175 130 110 100 125  75 75 50 75  40 40 30 40 *   144.
AL0908 IKE       090712 2008 21.0  72.8 110  947  15  25 1012 200 140 120 100 125  90 75 50 75  50 40 30 50 *   122.
AL0908 IKE       090718 2008 21.0  74.0 105  946  15  15 1012 200 145 125 100 125  90 90 50 75  50 40 30 50 *    94.
AL0908 IKE       090800 2008 21.1  75.2 115  945  15  20 1009 200 150 140 100 125  90 105 50 75  50 40 30 50 *    43.
AL0908 IKE       090806 2008 21.1  76.5 100  950  15 -99 1010 200 155 175 100 125  90 120 50 75  50 40 30 50 *   -11.
AL0908 IKE       090812 2008 21.1  77.8  85  960  15 -99 1010 200 155 180 100 125  90 120 50 60  40 40 30 45 *   -44.
AL0908 IKE       090818 2008 21.2  79.1  75  964  15 -99 1010 200 155 180 100 125  90 120 30 45  30 30  0 30 *    35.
AL0908 IKE       090900 2008 21.5  80.3  70  965  15 -99 1008 200 155 180 100 150  90 90 30 60  30 30  0 30 *    35.
AL0908 IKE       090906 2008 22.0  81.4  70  965  15  10 1008 200 155 160 100 170  90 75 30 75  30 30  0 30 *     4.
AL0908 IKE       090912 2008 22.4  82.4  70  965  15 -99 1008 275 155 155 100 170  90 75 30 90  30  0  0 30 *    26.
AL0908 IKE       090918 2008 22.7  83.3  65  966  15 -99 1008 275 155 150 105 170 100 75 30 90  20  0  0 30 *   -15.
AL0908 IKE       091000 2008 23.1  84.0  65  968  15  15 1006 200 160 150 110 180 100 75 30 90  30  0  0 20 *    51.
AL0908 IKE       091006 2008 23.4  84.6  70  964  15 -99 1006 200 170 150 115 180 110 75 45 90  45  0  0 20 *   108.
AL0908 IKE       091012 2008 23.8  85.2  80  959  10 -99 1010 300 180 155 120 180 120 80 60 100  75 20 15 45 *   180.
AL0908 IKE       091018 2008 24.2  85.8  85  958  10  10 1010 300 195 160 120 180 130 90 75 110  90 40 30 60 *   252.
AL0908 IKE       091100 2008 24.7  86.4  85  944  10  10 1011 300 210 170 120 180 140 105 90 125 100 60 30 75 *   333.
AL0908 IKE       091106 2008 25.1  87.1  85  945  10  10 1008 240 220 190 130 180 150 120 90 140 100 75 30 75 *   397.
AL0908 IKE       091112 2008 25.5  88.0  85  946  10 -99 1008 300 230 240 150 180 150 135 90 140 100 75 30 60 *   420.
AL0908 IKE       091118 2008 25.8  88.9  85  952  60 -99 1008 300 240 240 150 180 150 150 90 140 100 75 30 60 *   369.
AL0908 IKE       091200 2008 26.1  90.0  85  954  80  10 1008 300 240 230 150 180 150 150 100 140 100 75 60 60 *   334.
AL0908 IKE       091206 2008 26.4  91.1  90  954  50 -99 1007 300 240 215 150 180 150 150 100 140 105 75 60 60 *   301.
AL0908 IKE       091212 2008 26.9  92.2  95  954  50 -99 1007 300 240 210 150 180 150 150 100 140 105 75 60 60 *   280.
AL0908 IKE       091218 2008 27.5  93.2  95  954  50 -99 1007 300 240 205 150 175 150 150 90 105 105 90 60 75 *   248.
AL0908 IKE       091300 2008 28.3  94.0  95  952  40  40 1007 300 240 200 150 170 150 160 80 90 110 90 60 75 *   143.
AL0908 IKE       091306 2008 29.1  94.6  95  951  30  40 1007 325 225 200 125 125 150 160 80 75 110 90 55 45 *    42.
AL0908 IKE       091312 2008 30.3  95.2  85  959  30 -99 1007 325 125 180 125 60  75 90 60 45  50 45 30 20 *   -97.
AL0908 IKE       091318 2008 31.7  95.3  50  974  40 -99 1007 325  75 150 60 40  40 45  0  0   0  0  0  0 *  -242.
AL0908 IKE       091400 2008 33.5  94.9  35  980  50 -99 1007 300  60 90  0  0   0  0  0  0   0  0  0  0 *  -426.
AL0908 IKE       091406 2008 35.5  93.7  35  985  50 -99 1007 300  45 90 20  0   0  0  0  0   0  0  0  0 *  -634.
AL0908 IKE       091412 2008 37.6  91.0  40  987 -99 -99  -99 -99   0 90 40  0   0  0  0  0   0  0  0  0 E  -804.
AL0908 IKE       091418 2008 40.3  87.2  50  988 -99 -99  -99 -99   0 180 150  0   0 160  0  0   0  0  0  0 E -1022.
AL0908 IKE       091500 2008 43.3  81.5  50  988 -99 -99  -99 -99   0 180 150  0   0 160  0  0   0  0  0  0 E  -689.
AL0908 IKE       091506 2008 45.8  75.3  40  986 -99 -99  -99 -99   0 180 150  0   0  0  0  0   0  0  0  0 E  -471.
AL0908 IKE       091512 2008 47.2  71.1  35  986 -99 -99  -99 -99   0 180 150  0   0  0  0  0   0  0  0  0 E  -285.
